void main()
{
    g_U0 = 2;
    g_U1 = 5;
    g_U2 = 10;
    g_U3 = 10;
    g_U4 = 3;
    g_U5 = 10000;
    g_U6 = 10000;
    g_U7 = 50;
    g_U8 = 70;
    g_U9 = 100;
    g_U10 = 200;
    g_U11 = 250;
    g_U12 = 300;
    g_U13 = 3;
    g_U14 = 5;
    g_U15 = 10;
    g_U16 = 15;
    g_U17 = 20;
    g_U18 = 25;
    g_U19 = 50;
    g_U20 = 100;
    g_U21 = 150;
    g_U22 = 200;
    g_U23 = 5;
    g_U24 = 20.00000000;
    g_U25 = 10;
    g_U26 = 1500;
    g_U27 = 10;
    g_U28 = 5;
    g_U29 = 10;
    g_U30 = 20;
    g_U31 = 10;
    g_U32 = 10;
    g_U33 = 20;
    g_U34 = 25;
    g_U35 = 10;
    g_U36 = 20;
    g_U37 = 5000;
    g_U38 = 20;
    g_U39 = 10;
    g_U40 = 10;
    g_U41 = 20;
    g_U42 = 30;
    g_U43 = 20;
    g_U44 = 25;
    g_U45 = 10;
    g_U46 = 10;
    g_U47 = 20;
    g_U48 = 10;
    g_U49 = 15;
    g_U50 = 15;
    g_U51 = 10;
    g_U52 = 5;
    g_U53 = 10;
    g_U54 = 5;
    g_U55 = 30;
    g_U56 = 20;
    g_U57 = 10;
    g_U58 = 5;
    g_U59 = 0.33334000;
    g_U60 = 1.00000000;
    g_U61 = 0.11111000;
    g_U62 = 0.20000000;
    g_U63 = 0.10000000;
    g_U2519 = 0;
    g_U2520 = -1;
    g_U2544 = -1;
    g_U4702 = 0;
    g_U4724 = -1;
    g_U4895 = 1;
    g_U4900 = 10;
    g_U4901 = 20;
    g_U4902 = 30;
    g_U4903 = 10;
    g_U4904 = 10;
    g_U4905 = 10;
    g_U4906 = 10;
    g_U4907 = 10;
    g_U4908 = 20;
    g_U4909 = 10;
    g_U4910 = 30;
    g_U4911 = 10;
    g_U4912 = 10;
    g_U4913 = 20;
    g_U4914 = 10;
    g_U4915 = 20;
    g_U4916 = 10;
    g_U4917 = 5;
    g_U4918 = 20;
    g_U4919 = 50;
    g_U4920 = 10;
    g_U4921 = 20;
    g_U4922 = 10;
    g_U4923 = 5;
    g_U4924 = 20;
    g_U4925 = 20;
    g_U4926 = 50;
    g_U4927 = 100;
    g_U4928 = 125;
    g_U4929 = 15;
    g_U4930 = 30;
    g_U4931 = 50;
    g_U4932 = 100;
    g_U4933 = 100;
    g_U4934 = 10;
    g_U4935 = 20;
    g_U4936 = 20;
    g_U4937 = 20;
    g_U4938 = 5;
    g_U4939 = 25;
    g_U4940 = 20;
    g_U4941 = 20;
    g_U4942 = 10;
    g_U4943 = 20;
    g_U4944 = 20;
    g_U4945 = 20;
    g_U4946 = 10;
    g_U4947 = 10;
    g_U4948 = 20;
    g_U4949 = 75;
    g_U4950 = 75;
    g_U4951 = 200;
    g_U4952 = 200;
    g_U4953 = 20;
    g_U4954 = 10;
    g_U4955 = 10;
    g_U4956 = 200;
    g_U4957 = 25;
    g_U4958 = 25;
    g_U4959 = 75;
    g_U4960 = 150;
    g_U4961 = 0.20000000;
    g_U4962 = 0.20000000;
    g_U4963 = 0.10000000;
    g_U4964 = 0.10000000;
    g_U4965 = 0.10000000;
    g_U4966 = 0.10000000;
    g_U4967 = 0.10000000;
    g_U4968 = GET_STREAM_PED_PACK_ID( -1126833125 );
    g_U4969 = -1;
    g_U4970 = g_U2544;
    g_U5071 = 0;
    g_U5264 = -1;
    g_U5267 = 0;
    g_U5370 = 300;
    g_U5371 = 250;
    g_U5372 = 200;
    g_U5373 = 175;
    g_U5374 = 150;
    g_U5375 = 100;
    g_U5376 = 80;
    g_U5377 = 70;
    g_U5378 = 60;
    g_U5379 = 50;
    g_U5380 = 60;
    g_U5381 = 45;
    g_U5382 = 30;
    g_U5383 = 20;
    g_U5384 = 10;
    g_U5385 = 250;
    g_U5453 = 1;
    g_U5840 = 1;
    return;
}

