void main()
{
    g_U0 = 2;
    g_U1 = 5;
    g_U2 = 10;
    g_U3 = 10;
    g_U4 = 3;
    g_U5 = 10000;
    g_U6 = 10000;
    g_U7 = 50;
    g_U8 = 70;
    g_U9 = 100;
    g_U10 = 200;
    g_U11 = 250;
    g_U12 = 300;
    g_U13 = 3;
    g_U14 = 5;
    g_U15 = 10;
    g_U16 = 15;
    g_U17 = 20;
    g_U18 = 25;
    g_U19 = 50;
    g_U20 = 100;
    g_U21 = 150;
    g_U22 = 200;
    g_U23 = 5;
    g_U24 = 20.00000000;
    g_U25 = 10;
    g_U26 = 1500;
    g_U27 = 10;
    g_U28 = 5;
    g_U29 = 10;
    g_U30 = 20;
    g_U31 = 10;
    g_U32 = 10;
    g_U33 = 20;
    g_U34 = 25;
    g_U35 = 10;
    g_U36 = 20;
    g_U37 = 5000;
    g_U38 = 20;
    g_U39 = 10;
    g_U40 = 10;
    g_U41 = 20;
    g_U42 = 30;
    g_U43 = 20;
    g_U44 = 25;
    g_U45 = 10;
    g_U46 = 10;
    g_U47 = 20;
    g_U48 = 10;
    g_U49 = 15;
    g_U50 = 15;
    g_U51 = 10;
    g_U52 = 5;
    g_U53 = 10;
    g_U54 = 5;
    g_U55 = 30;
    g_U56 = 20;
    g_U57 = 10;
    g_U58 = 5;
    g_U59 = 0.33334000;
    g_U60 = 1.00000000;
    g_U61 = 0.11111000;
    g_U62 = 0.20000000;
    g_U63 = 0.10000000;
    g_U2519 = 0;
    g_U2520 = -1;
    g_U2544 = -1;
    g_U4530 = 0;
    g_U4534 = 0;
    StrCopy( ref g_U4552, " ", 64 );
    g_U4568 = 0;
    g_U5134 = 0;
    g_U5156 = -1;
    g_U5327 = 1;
    g_U5332 = 10;
    g_U5333 = 20;
    g_U5334 = 30;
    g_U5335 = 10;
    g_U5336 = 10;
    g_U5337 = 10;
    g_U5338 = 10;
    g_U5339 = 10;
    g_U5340 = 20;
    g_U5341 = 10;
    g_U5342 = 30;
    g_U5343 = 10;
    g_U5344 = 10;
    g_U5345 = 20;
    g_U5346 = 10;
    g_U5347 = 20;
    g_U5348 = 10;
    g_U5349 = 5;
    g_U5350 = 20;
    g_U5351 = 50;
    g_U5352 = 10;
    g_U5353 = 20;
    g_U5354 = 10;
    g_U5355 = 5;
    g_U5356 = 20;
    g_U5357 = 20;
    g_U5358 = 50;
    g_U5359 = 100;
    g_U5360 = 125;
    g_U5361 = 15;
    g_U5362 = 30;
    g_U5363 = 50;
    g_U5364 = 100;
    g_U5365 = 100;
    g_U5366 = 10;
    g_U5367 = 20;
    g_U5368 = 20;
    g_U5369 = 20;
    g_U5370 = 5;
    g_U5371 = 25;
    g_U5372 = 20;
    g_U5373 = 20;
    g_U5374 = 10;
    g_U5375 = 20;
    g_U5376 = 20;
    g_U5377 = 20;
    g_U5378 = 10;
    g_U5379 = 10;
    g_U5380 = 20;
    g_U5381 = 75;
    g_U5382 = 75;
    g_U5383 = 200;
    g_U5384 = 200;
    g_U5385 = 20;
    g_U5386 = 10;
    g_U5387 = 10;
    g_U5388 = 200;
    g_U5389 = 25;
    g_U5390 = 25;
    g_U5391 = 75;
    g_U5392 = 150;
    g_U5393 = 0.20000000;
    g_U5394 = 0.20000000;
    g_U5395 = 0.10000000;
    g_U5396 = 0.10000000;
    g_U5397 = 0.10000000;
    g_U5398 = 0.10000000;
    g_U5399 = 0.10000000;
    g_U5400 = GET_STREAM_PED_PACK_ID( -1126833125 );
    g_U5401 = -1;
    g_U5402 = g_U2544;
    g_U5503 = 0;
    g_U5696 = -1;
    g_U5699 = 0;
    g_U5815 = 300;
    g_U5816 = 250;
    g_U5817 = 200;
    g_U5818 = 175;
    g_U5819 = 150;
    g_U5820 = 100;
    g_U5821 = 80;
    g_U5822 = 70;
    g_U5823 = 60;
    g_U5824 = 50;
    g_U5825 = 60;
    g_U5826 = 45;
    g_U5827 = 30;
    g_U5828 = 20;
    g_U5829 = 10;
    g_U5830 = 250;
    g_U5898 = 1;
    g_U6081 = -10;
    g_U6082 = -10;
    g_U6083 = -10;
    g_U6084 = -10;
    g_U6087 = 0;
    g_U6391 = 1;
    DISPLAYF( "NETWORK SCRIPT KICK IN: network_startup.sc", 0 );
    DISPLAYF( "This script is now defunct.", 0 );
    DISPLAYF( "END network_startup.sc ", 0 );
    return;
}

