void main()
{
    g_U0 = 2;
    g_U1 = 4;
    g_U2 = 5;
    g_U3 = 7;
    g_U4 = 120000;
    g_U5 = 180000;
    g_U6 = 6000;
    g_U7 = 3000;
    g_U8 = 1500;
    g_U9 = 64036;
    g_U10 = 64036;
    g_U11 = 11;
    g_U12 = -6;
    g_U13 = -3;
    g_U14 = 3;
    g_U15 = 4;
    g_U16 = 30000;
    g_U17 = 90;
    g_U18 = 10;
    g_U19 = 5;
    g_U20 = 2;
    g_U21 = 1;
    g_U22 = 2;
    g_U23 = 5;
    g_U24 = 10;
    g_U25 = 10;
    g_U26 = 3;
    g_U27 = 10000;
    g_U28 = 10000;
    g_U29 = 400;
    g_U30 = 10000;
    g_U31 = 5.00000000;
    g_U32 = 100;
    g_U33 = 0.05000000;
    g_U34 = 1150;
    g_U35 = 50;
    g_U36 = 70;
    g_U37 = 100;
    g_U38 = 200;
    g_U39 = 250;
    g_U40 = 300;
    g_U41 = 3;
    g_U42 = 5;
    g_U43 = 10;
    g_U44 = 15;
    g_U45 = 20;
    g_U46 = 25;
    g_U47 = 50;
    g_U48 = 100;
    g_U49 = 150;
    g_U50 = 200;
    g_U51 = 5;
    g_U52 = 50;
    g_U53 = 250;
    g_U54 = 2500;
    g_U55 = 4000;
    g_U56 = 6000;
    g_U57 = 10000;
    g_U58 = 6000;
    g_U59 = 20000;
    g_U60 = 2.50000000;
    g_U61 = 10000;
    g_U62 = 3.50000000;
    g_U63 = 6;
    g_U64 = 1;
    g_U65 = 10000;
    g_U66 = 20000;
    g_U67 = 10000;
    g_U68 = 20000;
    g_U69 = 20000;
    g_U70 = 50;
    g_U71 = 20000;
    g_U72 = 10000;
    g_U73 = 30000;
    g_U74 = 20000;
    g_U75 = 10000;
    g_U76 = 20000;
    g_U77 = 20.00000000;
    g_U78 = 10;
    g_U79 = 1500;
    g_U80 = 10;
    g_U81 = 5;
    g_U82 = 10;
    g_U83 = 20;
    g_U84 = 10;
    g_U85 = 10;
    g_U86 = 20;
    g_U87 = 25;
    g_U88 = 10;
    g_U89 = 20;
    g_U90 = 5000;
    g_U91 = 20;
    g_U92 = 10;
    g_U93 = 10;
    g_U94 = 20;
    g_U95 = 30;
    g_U96 = 20;
    g_U97 = 25;
    g_U98 = 10;
    g_U99 = 10;
    g_U100 = 20;
    g_U101 = 10;
    g_U102 = 15;
    g_U103 = 15;
    g_U104 = 10;
    g_U105 = 5;
    g_U106 = 10;
    g_U107 = 5;
    g_U108 = 30;
    g_U109 = 20;
    g_U110 = 10;
    g_U111 = 5;
    g_U112 = 0.33334000;
    g_U113 = 1.00000000;
    g_U114 = 0.11111000;
    g_U115 = 0.20000000;
    g_U116 = 0.10000000;
    g_U2620 = 0;
    g_U2621 = -1;
    g_U2645 = -1;
    g_U4821 = 0;
    g_U4843 = -1;
    g_U4845 = -1;
    g_U5015 = 1;
    g_U5020 = 10;
    g_U5021 = 20;
    g_U5022 = 30;
    g_U5023 = 10;
    g_U5024 = 10;
    g_U5025 = 10;
    g_U5026 = 10;
    g_U5027 = 10;
    g_U5028 = 20;
    g_U5029 = 10;
    g_U5030 = 30;
    g_U5031 = 10;
    g_U5032 = 10;
    g_U5033 = 20;
    g_U5034 = 10;
    g_U5035 = 20;
    g_U5036 = 10;
    g_U5037 = 5;
    g_U5038 = 20;
    g_U5039 = 50;
    g_U5040 = 10;
    g_U5041 = 20;
    g_U5042 = 10;
    g_U5043 = 5;
    g_U5044 = 20;
    g_U5045 = 20;
    g_U5046 = 50;
    g_U5047 = 100;
    g_U5048 = 125;
    g_U5049 = 15;
    g_U5050 = 30;
    g_U5051 = 50;
    g_U5052 = 100;
    g_U5053 = 100;
    g_U5054 = 10;
    g_U5055 = 20;
    g_U5056 = 20;
    g_U5057 = 20;
    g_U5058 = 5;
    g_U5059 = 25;
    g_U5060 = 20;
    g_U5061 = 20;
    g_U5062 = 10;
    g_U5063 = 20;
    g_U5064 = 20;
    g_U5065 = 20;
    g_U5066 = 10;
    g_U5067 = 10;
    g_U5068 = 20;
    g_U5069 = 75;
    g_U5070 = 75;
    g_U5071 = 200;
    g_U5072 = 200;
    g_U5073 = 20;
    g_U5074 = 10;
    g_U5075 = 10;
    g_U5076 = 200;
    g_U5077 = 25;
    g_U5078 = 25;
    g_U5079 = 75;
    g_U5080 = 150;
    g_U5081 = 0.20000000;
    g_U5082 = 0.20000000;
    g_U5083 = 0.10000000;
    g_U5084 = 0.10000000;
    g_U5085 = 0.10000000;
    g_U5086 = 0.10000000;
    g_U5087 = 0.10000000;
    g_U5088 = GET_STREAM_PED_PACK_ID( -1126833125 );
    g_U5089 = -1;
    g_U5090 = g_U2645;
    g_U5191 = 0;
    g_U5384 = -1;
    g_U5387 = 0;
    g_U5490 = 300;
    g_U5491 = 250;
    g_U5492 = 200;
    g_U5493 = 175;
    g_U5494 = 150;
    g_U5495 = 100;
    g_U5496 = 80;
    g_U5497 = 70;
    g_U5498 = 60;
    g_U5499 = 50;
    g_U5500 = 60;
    g_U5501 = 45;
    g_U5502 = 30;
    g_U5503 = 20;
    g_U5504 = 10;
    g_U5505 = 250;
    g_U5573 = 1;
    g_U5951 = 1;
    return;
}

